232.197
308.196
278.417
244.786
238.711
174.154
205.452
254.16
233.43
266.099
282.442
253.216
292.321
203.788
411.69
275.665
168.799
214.929
186.736
185.48
386.237
214.22
199.559
192.492
167.826
377.302
184.284
120.79
212.033
211.119
653.728
346.502
247.111
237.69
270.581
438.417
200.736
351.266
156.41
260.955
313.796
443.687
219.062
247.52
408.181
255.151
279.943
244.768
216.845
274.595
214.045
200.784
799.193
158.687
626.388
236.212
400.286
304.074
401.764
364.702
221.502
194.252
248.998
146.339
300.613
256.425
307.234
414.286
200.61
279.535
430.882
272.817
240.081
189.914
288.548
235.629
235.881
394.511
413.295
349.944
180.018
