189.001
226.129
227.667
202.377
237.515
226.219
179.91
320.466
116.241
209.827
195.34
228.521
184.86
210.933
196.644
181.964
259.351
156.158
219.411
301.274
150.461
202.028
216.972
165.783
319.144
139.669
231.477
202.437
180.979
242.959
203.759
220.084
213.102
185.822
156.187
185.636
238.964
141.671
252.964
346.881
239.558
109.248
157.004
177.83
230.719
179.182
235.755
133.583
161
300.884
196.049
156.663
316.957
241.608
235.629
270.017
196.049
172.201
176.167
216.767
216.749
193.405
154.271
263.551
175.602
173.931
145.834
350.119
207.628
131.912
250.29
212.976
161.127
241.559
166.66
201.271
222.416
187.397
222.067
278.573
215.037
