370.194
515.641
371.877
497.315
600.449
353.171
395.299
442.209
298.775
751.34
506.58
365.219
426.634
501.515
438.573
396.494
462.032
312.979
915.744
363.272
558.76
316.957
763.687
322.965
425.486
390.155
238.555
309.722
411.817
308.04
349.049
344.549
519.715
569.347
376.107
507.854
304.152
382.164
454.07
624.171
361.494
733.139
411.486
514.932
479.036
354.067
436.278
363.711
492.988
287.43
289.966
336.702
568.404
293.175
601.596
334.971
727.287
297.326
803.393
422.122
501.593
543.594
425.234
267.469
386.947
467.992
414.13
430.017
412.225
305.912
440.653
640.388
315.887
360.911
530.351
264.729
511.159
357.323
325.862
617.201
553.665
