jacshuff.10000000.32.100.txt	51115729 469282277 0.108923 9
jacshuff.10000000.32.10.txt	56601850 452994842 0.12495 9
jacshuff.10000000.32.11.txt	79948984 480316481 0.166451 14
jacshuff.10000000.32.12.txt	48471570 524290410 0.0924518 8
jacshuff.10000000.32.13.txt	38479617 501506174 0.0767281 8
jacshuff.10000000.32.14.txt	31239362 511018951 0.0611315 7
jacshuff.10000000.32.15.txt	71958765 464555827 0.154898 13
jacshuff.10000000.32.16.txt	50385163 502197491 0.100329 6
jacshuff.10000000.32.17.txt	51884820 479605410 0.108182 10
jacshuff.10000000.32.18.txt	77099585 454299599 0.169711 14
jacshuff.10000000.32.19.txt	81481405 457251556 0.178198 14
jacshuff.10000000.32.1.txt	59868637 484847063 0.123479 10
jacshuff.10000000.32.20.txt	93096839 407877391 0.228247 14
jacshuff.10000000.32.21.txt	78426297 445734605 0.175948 13
jacshuff.10000000.32.22.txt	86451839 474544391 0.182179 12
jacshuff.10000000.32.23.txt	54637975 498121843 0.109688 8
jacshuff.10000000.32.24.txt	56571371 432394335 0.130833 8
jacshuff.10000000.32.25.txt	71320616 473442313 0.150643 10
jacshuff.10000000.32.26.txt	26543746 425895100 0.0623246 5
jacshuff.10000000.32.27.txt	51685983 466520493 0.11079 10
jacshuff.10000000.32.28.txt	98595549 449267107 0.219459 18
jacshuff.10000000.32.29.txt	63749903 461707311 0.138074 10
jacshuff.10000000.32.2.txt	48938650 482615863 0.101403 10
jacshuff.10000000.32.30.txt	68299158 445141337 0.153433 11
jacshuff.10000000.32.31.txt	61157478 490694412 0.124635 9
jacshuff.10000000.32.32.txt	40133953 490795835 0.0817732 9
jacshuff.10000000.32.33.txt	53267601 442476840 0.120385 6
jacshuff.10000000.32.34.txt	48806216 509988016 0.0957007 11
jacshuff.10000000.32.35.txt	64798946 523323490 0.123822 9
jacshuff.10000000.32.36.txt	71476007 495582429 0.144226 11
jacshuff.10000000.32.37.txt	55354162 442303567 0.12515 9
jacshuff.10000000.32.38.txt	61335032 471884852 0.129979 13
jacshuff.10000000.32.39.txt	78859267 478028874 0.164968 13
jacshuff.10000000.32.3.txt	85316277 444393976 0.191983 12
jacshuff.10000000.32.40.txt	56428984 439576157 0.128371 8
jacshuff.10000000.32.41.txt	42510437 498869389 0.0852136 7
jacshuff.10000000.32.42.txt	44783642 471680637 0.0949448 13
jacshuff.10000000.32.43.txt	65972182 469408962 0.140543 12
jacshuff.10000000.32.44.txt	70332342 472566110 0.148831 11
jacshuff.10000000.32.45.txt	58633733 429535080 0.136505 9
jacshuff.10000000.32.46.txt	43677114 456162756 0.095749 7
jacshuff.10000000.32.47.txt	70442691 437352316 0.161066 12
jacshuff.10000000.32.48.txt	80339457 479183599 0.167659 15
jacshuff.10000000.32.49.txt	30405628 454492667 0.0669001 7
jacshuff.10000000.32.4.txt	64709658 443684853 0.145846 10
jacshuff.10000000.32.50.txt	58180594 449249115 0.129506 11
jacshuff.10000000.32.51.txt	50295794 478423916 0.105128 9
jacshuff.10000000.32.52.txt	67393959 507416317 0.132818 11
jacshuff.10000000.32.53.txt	39003327 486662807 0.0801445 9
jacshuff.10000000.32.54.txt	74736581 456348626 0.163771 15
jacshuff.10000000.32.55.txt	37124856 513378439 0.0723148 8
jacshuff.10000000.32.56.txt	66006061 495716789 0.133153 12
jacshuff.10000000.32.57.txt	76675400 451234723 0.169924 15
jacshuff.10000000.32.58.txt	42157672 510673606 0.0825531 11
jacshuff.10000000.32.59.txt	55131139 500481999 0.110156 9
jacshuff.10000000.32.5.txt	67864674 488090696 0.139041 14
jacshuff.10000000.32.60.txt	110489364 475595628 0.232318 18
jacshuff.10000000.32.61.txt	44166744 461017211 0.0958028 10
jacshuff.10000000.32.62.txt	48638162 503734891 0.0965551 9
jacshuff.10000000.32.63.txt	67449320 458560195 0.147089 11
jacshuff.10000000.32.64.txt	92100694 454255822 0.202751 18
jacshuff.10000000.32.65.txt	92928668 496032016 0.187344 19
jacshuff.10000000.32.66.txt	69260864 472035805 0.146728 9
jacshuff.10000000.32.67.txt	45909404 455803507 0.100722 8
jacshuff.10000000.32.68.txt	61474463 487914174 0.125994 11
jacshuff.10000000.32.69.txt	52735378 492641598 0.107046 12
jacshuff.10000000.32.6.txt	35341964 503566075 0.0701834 7
jacshuff.10000000.32.70.txt	61400646 453709959 0.13533 10
jacshuff.10000000.32.71.txt	56663992 468724804 0.12089 10
jacshuff.10000000.32.72.txt	75080550 409593973 0.183305 10
jacshuff.10000000.32.73.txt	55431585 453240624 0.122301 11
jacshuff.10000000.32.74.txt	51624460 471512249 0.109487 8
jacshuff.10000000.32.75.txt	97166063 459452547 0.211482 18
jacshuff.10000000.32.76.txt	29126062 445609785 0.0653623 7
jacshuff.10000000.32.77.txt	30271922 498566000 0.060718 9
jacshuff.10000000.32.78.txt	66457080 451422550 0.147217 9
jacshuff.10000000.32.79.txt	44562437 458516488 0.0971883 7
jacshuff.10000000.32.7.txt	80858616 486797972 0.166103 16
jacshuff.10000000.32.80.txt	81839717 484710276 0.168843 12
jacshuff.10000000.32.81.txt	54132825 463376324 0.116823 7
jacshuff.10000000.32.82.txt	89265221 437732680 0.203926 10
jacshuff.10000000.32.83.txt	85485837 471198289 0.181422 14
jacshuff.10000000.32.84.txt	67822295 503957948 0.134579 13
jacshuff.10000000.32.85.txt	75574813 456937794 0.165394 12
jacshuff.10000000.32.86.txt	52663040 489605941 0.107562 12
jacshuff.10000000.32.87.txt	88074354 474020726 0.185803 13
jacshuff.10000000.32.88.txt	83100555 447513782 0.185694 12
jacshuff.10000000.32.89.txt	58755153 489391504 0.120058 12
jacshuff.10000000.32.8.txt	62122865 474850103 0.130826 13
jacshuff.10000000.32.90.txt	79805007 452837136 0.176233 11
jacshuff.10000000.32.91.txt	67411215 460019756 0.14654 13
jacshuff.10000000.32.92.txt	53154330 433832356 0.122523 6
jacshuff.10000000.32.93.txt	52381195 486887779 0.107584 9
jacshuff.10000000.32.94.txt	91958744 470529534 0.195437 12
jacshuff.10000000.32.95.txt	95068062 476874504 0.199357 15
jacshuff.10000000.32.96.txt	27859940 443506564 0.0628174 6
jacshuff.10000000.32.97.txt	117893420 441528066 0.267012 15
jacshuff.10000000.32.98.txt	79039540 500058112 0.158061 17
jacshuff.10000000.32.99.txt	51163394 527414694 0.0970079 10
jacshuff.10000000.32.9.txt	50277550 472250055 0.106464 10
jacshuff.1000000.320.100.txt	53356267 480326361 0.111083 84
jacshuff.1000000.320.10.txt	59697356 473955365 0.125956 93
jacshuff.1000000.320.11.txt	59606712 478226032 0.124641 90
jacshuff.1000000.320.12.txt	49518905 482847062 0.102556 89
jacshuff.1000000.320.13.txt	59935687 475001837 0.12618 83
jacshuff.1000000.320.14.txt	57639480 470922450 0.122397 84
jacshuff.1000000.320.15.txt	57784909 456798733 0.1265 90
jacshuff.1000000.320.16.txt	61497066 466329791 0.131875 93
jacshuff.1000000.320.17.txt	58125516 470344238 0.123581 87
jacshuff.1000000.320.18.txt	66318844 456604209 0.145244 89
jacshuff.1000000.320.19.txt	53473279 478518911 0.111747 91
jacshuff.1000000.320.1.txt	62112527 477316968 0.130128 98
jacshuff.1000000.320.20.txt	57867621 474752675 0.12189 87
jacshuff.1000000.320.21.txt	63838265 470278289 0.135746 98
jacshuff.1000000.320.22.txt	61102008 466719424 0.130918 89
jacshuff.1000000.320.23.txt	58157292 478539993 0.121531 84
jacshuff.1000000.320.24.txt	52595732 465570660 0.11297 83
jacshuff.1000000.320.25.txt	58690565 474714202 0.123633 92
jacshuff.1000000.320.26.txt	51798041 465781477 0.111207 76
jacshuff.1000000.320.27.txt	54935172 458860551 0.119721 72
jacshuff.1000000.320.28.txt	56844261 453721032 0.125285 85
jacshuff.1000000.320.29.txt	58677252 474200047 0.123739 93
jacshuff.1000000.320.2.txt	63786242 444422172 0.143526 101
jacshuff.1000000.320.30.txt	61811981 469841343 0.131559 89
jacshuff.1000000.320.31.txt	63361655 480078639 0.131982 95
jacshuff.1000000.320.32.txt	58558316 470257212 0.124524 90
jacshuff.1000000.320.33.txt	58293276 458213638 0.127219 80
jacshuff.1000000.320.34.txt	62975086 471833840 0.133469 86
jacshuff.1000000.320.35.txt	59409117 477976039 0.124293 104
jacshuff.1000000.320.36.txt	62159597 473677227 0.131228 90
jacshuff.1000000.320.37.txt	55749015 460040865 0.121183 87
jacshuff.1000000.320.38.txt	63699556 463958501 0.137296 94
jacshuff.1000000.320.39.txt	56557781 462643297 0.122249 95
jacshuff.1000000.320.3.txt	56979479 467743125 0.121818 83
jacshuff.1000000.320.40.txt	59664909 447103714 0.133448 97
jacshuff.1000000.320.41.txt	57198888 459126712 0.124582 89
jacshuff.1000000.320.42.txt	51616765 469278923 0.109992 79
jacshuff.1000000.320.43.txt	58068231 464134017 0.125111 81
jacshuff.1000000.320.44.txt	62117502 462077267 0.134431 100
jacshuff.1000000.320.45.txt	56095291 453392910 0.123723 88
jacshuff.1000000.320.46.txt	54310420 463617496 0.117145 82
jacshuff.1000000.320.47.txt	62935029 484097672 0.130005 90
jacshuff.1000000.320.48.txt	58563826 490538395 0.119387 89
jacshuff.1000000.320.49.txt	54274868 468823883 0.115768 84
jacshuff.1000000.320.4.txt	48783008 472010226 0.103352 77
jacshuff.1000000.320.50.txt	62910784 478250007 0.131544 98
jacshuff.1000000.320.51.txt	62890844 486142307 0.129367 101
jacshuff.1000000.320.52.txt	55197946 475071175 0.116189 95
jacshuff.1000000.320.53.txt	58099356 467580028 0.124255 92
jacshuff.1000000.320.54.txt	59284842 467501790 0.126812 89
jacshuff.1000000.320.55.txt	62215224 470226445 0.132309 85
jacshuff.1000000.320.56.txt	56794820 477440980 0.118957 95
jacshuff.1000000.320.57.txt	55499912 495770628 0.111947 80
jacshuff.1000000.320.58.txt	52000163 457539471 0.113652 76
jacshuff.1000000.320.59.txt	59392124 484904163 0.122482 97
jacshuff.1000000.320.5.txt	63998583 480090302 0.133305 89
jacshuff.1000000.320.60.txt	73386118 473193116 0.155087 100
jacshuff.1000000.320.61.txt	58388400 457051807 0.12775 93
jacshuff.1000000.320.62.txt	60399386 465442740 0.129768 97
jacshuff.1000000.320.63.txt	55282416 464430972 0.119033 82
jacshuff.1000000.320.64.txt	68145395 459814801 0.148202 104
jacshuff.1000000.320.65.txt	52787703 466432543 0.113173 76
jacshuff.1000000.320.66.txt	68893346 445110640 0.154778 87
jacshuff.1000000.320.67.txt	54366308 483284652 0.112493 86
jacshuff.1000000.320.68.txt	65020091 475684113 0.136688 105
jacshuff.1000000.320.69.txt	53817759 472620728 0.113871 86
jacshuff.1000000.320.6.txt	56405673 457834898 0.123201 83
jacshuff.1000000.320.70.txt	72593722 489818796 0.148205 112
jacshuff.1000000.320.71.txt	55978677 480967705 0.116388 87
jacshuff.1000000.320.72.txt	56117055 466197806 0.120372 93
jacshuff.1000000.320.73.txt	56225216 456082497 0.123279 90
jacshuff.1000000.320.74.txt	53208511 473930832 0.112271 89
jacshuff.1000000.320.75.txt	63383874 463590111 0.136724 87
jacshuff.1000000.320.76.txt	66683573 481719869 0.138428 96
jacshuff.1000000.320.77.txt	59159858 463210574 0.127717 90
jacshuff.1000000.320.78.txt	52813081 464197074 0.113773 78
jacshuff.1000000.320.79.txt	66054107 471177802 0.140189 93
jacshuff.1000000.320.7.txt	57774513 484704163 0.119195 86
jacshuff.1000000.320.80.txt	52379852 468797789 0.111732 79
jacshuff.1000000.320.81.txt	54493182 466863632 0.116722 91
jacshuff.1000000.320.82.txt	50972365 480844015 0.106006 81
jacshuff.1000000.320.83.txt	50390699 469569514 0.107313 78
jacshuff.1000000.320.84.txt	66613545 471081006 0.141406 102
jacshuff.1000000.320.85.txt	61092543 472621292 0.129263 96
jacshuff.1000000.320.86.txt	44585933 483172527 0.0922775 76
jacshuff.1000000.320.87.txt	55265116 467192764 0.118292 82
jacshuff.1000000.320.88.txt	59956005 468700957 0.12792 92
jacshuff.1000000.320.89.txt	48184877 471769445 0.102136 77
jacshuff.1000000.320.8.txt	58658888 462723680 0.126769 87
jacshuff.1000000.320.90.txt	55973179 454127792 0.123254 79
jacshuff.1000000.320.91.txt	55776261 468971938 0.118933 92
jacshuff.1000000.320.92.txt	59473150 477773891 0.12448 99
jacshuff.1000000.320.93.txt	62981245 470531532 0.133851 88
jacshuff.1000000.320.94.txt	50521627 489933505 0.103119 80
jacshuff.1000000.320.95.txt	59037950 477067079 0.123752 95
jacshuff.1000000.320.96.txt	58310338 468878105 0.124361 102
jacshuff.1000000.320.97.txt	56195237 463526389 0.121234 87
jacshuff.1000000.320.98.txt	57001355 465364284 0.122488 99
jacshuff.1000000.320.99.txt	62940759 458587039 0.137249 92
jacshuff.1000000.320.9.txt	55913526 470555996 0.118824 81
jacshuff.2000000.160.100.txt	52187356 461440260 0.113097 41
jacshuff.2000000.160.10.txt	72743861 480144617 0.151504 51
jacshuff.2000000.160.11.txt	65552678 478022187 0.137133 51
jacshuff.2000000.160.12.txt	50248914 481556508 0.104347 48
jacshuff.2000000.160.13.txt	61264423 465606158 0.13158 44
jacshuff.2000000.160.14.txt	70450281 478256266 0.147307 58
jacshuff.2000000.160.15.txt	47904505 464234479 0.10319 38
jacshuff.2000000.160.16.txt	64471148 463580253 0.139072 51
jacshuff.2000000.160.17.txt	64153872 489505598 0.131058 51
jacshuff.2000000.160.18.txt	59667223 478206680 0.124773 50
jacshuff.2000000.160.19.txt	62088163 489924262 0.12673 48
jacshuff.2000000.160.1.txt	61886137 474592484 0.130398 45
jacshuff.2000000.160.20.txt	46552696 458203952 0.101598 41
jacshuff.2000000.160.21.txt	53192224 456135177 0.116615 44
jacshuff.2000000.160.22.txt	58498932 469301541 0.124651 45
jacshuff.2000000.160.23.txt	61983304 473061033 0.131026 57
jacshuff.2000000.160.24.txt	64061806 468376259 0.136774 47
jacshuff.2000000.160.25.txt	71019628 468729512 0.151515 56
jacshuff.2000000.160.26.txt	45034127 492942095 0.0913578 35
jacshuff.2000000.160.27.txt	69019457 457277648 0.150936 50
jacshuff.2000000.160.28.txt	67581456 467870791 0.144445 46
jacshuff.2000000.160.29.txt	63146083 478339315 0.132011 53
jacshuff.2000000.160.2.txt	74053659 475738186 0.155661 51
jacshuff.2000000.160.30.txt	69887562 456823044 0.152986 50
jacshuff.2000000.160.31.txt	47197966 462694040 0.102007 41
jacshuff.2000000.160.32.txt	47704033 486027844 0.0981508 41
jacshuff.2000000.160.33.txt	68405585 464803477 0.147171 61
jacshuff.2000000.160.34.txt	63212542 469890987 0.134526 41
jacshuff.2000000.160.35.txt	53941421 483816774 0.111491 43
jacshuff.2000000.160.36.txt	55165768 484050727 0.113967 44
jacshuff.2000000.160.37.txt	63041162 463558528 0.135994 45
jacshuff.2000000.160.38.txt	63257250 457543102 0.138254 49
jacshuff.2000000.160.39.txt	66030937 459507474 0.143699 53
jacshuff.2000000.160.3.txt	50531165 472191889 0.107014 41
jacshuff.2000000.160.40.txt	74959073 497045445 0.150809 57
jacshuff.2000000.160.41.txt	52310034 490237297 0.106703 42
jacshuff.2000000.160.42.txt	47282025 487953854 0.0968986 47
jacshuff.2000000.160.43.txt	50396871 482076172 0.104541 38
jacshuff.2000000.160.44.txt	51677735 483027356 0.106987 46
jacshuff.2000000.160.45.txt	50420870 460656325 0.109454 48
jacshuff.2000000.160.46.txt	47746069 487917536 0.0978568 42
jacshuff.2000000.160.47.txt	47471249 472739423 0.100417 35
jacshuff.2000000.160.48.txt	58053138 506619357 0.114589 49
jacshuff.2000000.160.49.txt	52273834 463341960 0.112819 40
jacshuff.2000000.160.4.txt	55122713 473695754 0.116367 50
jacshuff.2000000.160.50.txt	54730461 467086539 0.117174 46
jacshuff.2000000.160.51.txt	54993667 461229315 0.119233 40
jacshuff.2000000.160.52.txt	54708512 460770168 0.118733 44
jacshuff.2000000.160.53.txt	58753442 469638570 0.125104 50
jacshuff.2000000.160.54.txt	61995637 475245580 0.13045 49
jacshuff.2000000.160.55.txt	66490796 482048868 0.137934 51
jacshuff.2000000.160.56.txt	58840877 460193318 0.127861 46
jacshuff.2000000.160.57.txt	63334149 455878501 0.138928 54
jacshuff.2000000.160.58.txt	49846775 485767026 0.102615 47
jacshuff.2000000.160.59.txt	60458958 483743499 0.124981 45
jacshuff.2000000.160.5.txt	77756084 471117795 0.165046 51
jacshuff.2000000.160.60.txt	57729735 479307264 0.120444 48
jacshuff.2000000.160.61.txt	58975395 477097151 0.123613 48
jacshuff.2000000.160.62.txt	66105626 504943929 0.130917 56
jacshuff.2000000.160.63.txt	60406991 477924488 0.126394 46
jacshuff.2000000.160.64.txt	61641881 476918255 0.12925 45
jacshuff.2000000.160.65.txt	51481656 490462854 0.104965 38
jacshuff.2000000.160.66.txt	47671291 460614933 0.103495 36
jacshuff.2000000.160.67.txt	68902314 450270600 0.153024 55
jacshuff.2000000.160.68.txt	57564891 475911940 0.120957 48
jacshuff.2000000.160.69.txt	71991358 462991065 0.155492 61
jacshuff.2000000.160.6.txt	62275255 486868428 0.12791 47
jacshuff.2000000.160.70.txt	58220693 473872946 0.122861 52
jacshuff.2000000.160.71.txt	59742427 488859355 0.122208 48
jacshuff.2000000.160.72.txt	61740095 437263118 0.141197 53
jacshuff.2000000.160.73.txt	56471220 466801130 0.120975 48
jacshuff.2000000.160.74.txt	52086476 460924993 0.113004 39
jacshuff.2000000.160.75.txt	57672123 477392091 0.120807 40
jacshuff.2000000.160.76.txt	55695943 473219024 0.117696 42
jacshuff.2000000.160.77.txt	64712100 467798709 0.138333 54
jacshuff.2000000.160.78.txt	58880240 467680349 0.125898 43
jacshuff.2000000.160.79.txt	52279559 465071209 0.112412 44
jacshuff.2000000.160.7.txt	58045721 452484356 0.128282 45
jacshuff.2000000.160.80.txt	45172207 476732079 0.0947539 37
jacshuff.2000000.160.81.txt	55686391 459766298 0.121119 48
jacshuff.2000000.160.82.txt	73640002 446977937 0.164751 56
jacshuff.2000000.160.83.txt	54641932 459444749 0.11893 45
jacshuff.2000000.160.84.txt	54378281 471448972 0.115343 42
jacshuff.2000000.160.85.txt	75709463 478398892 0.158256 55
jacshuff.2000000.160.86.txt	46108749 494547895 0.0932341 38
jacshuff.2000000.160.87.txt	62009819 468899521 0.132245 50
jacshuff.2000000.160.88.txt	50547124 468570490 0.107875 44
jacshuff.2000000.160.89.txt	60673293 472540819 0.128398 48
jacshuff.2000000.160.8.txt	58549030 496622181 0.117895 52
jacshuff.2000000.160.90.txt	57947757 461722812 0.125503 49
jacshuff.2000000.160.91.txt	65035772 468129216 0.138927 50
jacshuff.2000000.160.92.txt	71517417 476188455 0.150187 51
jacshuff.2000000.160.93.txt	78683709 470843876 0.167112 56
jacshuff.2000000.160.94.txt	69028552 450561937 0.153205 51
jacshuff.2000000.160.95.txt	58877012 482229873 0.122093 48
jacshuff.2000000.160.96.txt	40356100 486832609 0.0828952 36
jacshuff.2000000.160.97.txt	59558201 485866222 0.122581 48
jacshuff.2000000.160.98.txt	69337276 473039563 0.146578 56
jacshuff.2000000.160.99.txt	62818706 473465393 0.132679 49
jacshuff.2000000.160.9.txt	64491018 479504991 0.134495 49
jacshuff.500000.640.100.txt	57424313 467561391 0.122817 144
jacshuff.500000.640.10.txt	51860097 455832665 0.11377 149
jacshuff.500000.640.11.txt	56832493 455757871 0.124699 156
jacshuff.500000.640.12.txt	54609637 451402821 0.120978 139
jacshuff.500000.640.13.txt	54208146 458173126 0.118314 159
jacshuff.500000.640.14.txt	53195026 446764842 0.119067 150
jacshuff.500000.640.15.txt	56138510 440166722 0.127539 169
jacshuff.500000.640.16.txt	52722135 457472133 0.115247 142
jacshuff.500000.640.17.txt	54235553 447449413 0.12121 150
jacshuff.500000.640.18.txt	46260016 444880353 0.103983 137
jacshuff.500000.640.19.txt	53096759 456470583 0.11632 147
jacshuff.500000.640.1.txt	61573988 449996654 0.136832 169
jacshuff.500000.640.20.txt	47241876 451407490 0.104655 148
jacshuff.500000.640.21.txt	52459503 473024444 0.110902 150
jacshuff.500000.640.22.txt	54726319 449012477 0.121882 149
jacshuff.500000.640.23.txt	49466780 432674492 0.114328 131
jacshuff.500000.640.24.txt	53281629 465796724 0.114388 152
jacshuff.500000.640.25.txt	54629146 465663096 0.117315 153
jacshuff.500000.640.26.txt	49440430 439765897 0.112424 149
jacshuff.500000.640.27.txt	47170100 451130778 0.10456 140
jacshuff.500000.640.28.txt	51382459 453360094 0.113337 133
jacshuff.500000.640.29.txt	49910353 460559829 0.108369 156
jacshuff.500000.640.2.txt	53879052 453077039 0.118918 149
jacshuff.500000.640.30.txt	47820672 457553907 0.104514 140
jacshuff.500000.640.31.txt	55333852 442454410 0.125061 156
jacshuff.500000.640.32.txt	50701442 440141673 0.115193 140
jacshuff.500000.640.33.txt	54459909 469365386 0.116029 157
jacshuff.500000.640.34.txt	54905804 446539557 0.122958 153
jacshuff.500000.640.35.txt	50387622 464451252 0.108489 147
jacshuff.500000.640.36.txt	48954081 445606359 0.109859 136
jacshuff.500000.640.37.txt	56025547 448928858 0.124798 151
jacshuff.500000.640.38.txt	52401979 444428455 0.117909 152
jacshuff.500000.640.39.txt	57154890 460254082 0.124181 168
jacshuff.500000.640.3.txt	54829722 439279303 0.124817 147
jacshuff.500000.640.40.txt	54737294 445393630 0.122896 153
jacshuff.500000.640.41.txt	47680216 446686079 0.106742 140
jacshuff.500000.640.42.txt	47588025 465148649 0.102307 145
jacshuff.500000.640.43.txt	49811918 441167829 0.112909 138
jacshuff.500000.640.44.txt	44514745 457021425 0.0974019 129
jacshuff.500000.640.45.txt	55437969 457107446 0.12128 151
jacshuff.500000.640.46.txt	48155705 448597959 0.107347 134
jacshuff.500000.640.47.txt	53414836 452767448 0.117974 150
jacshuff.500000.640.48.txt	47843672 454248089 0.105325 141
jacshuff.500000.640.49.txt	52951821 453670442 0.116719 153
jacshuff.500000.640.4.txt	53485837 465237207 0.114965 151
jacshuff.500000.640.50.txt	48966868 446629178 0.109637 129
jacshuff.500000.640.51.txt	49266400 455983290 0.108044 148
jacshuff.500000.640.52.txt	53407702 449292489 0.118871 147
jacshuff.500000.640.53.txt	50030033 447481777 0.111804 140
jacshuff.500000.640.54.txt	51151237 439629952 0.116351 143
jacshuff.500000.640.55.txt	51348368 462394979 0.111049 150
jacshuff.500000.640.56.txt	61257164 450394782 0.136008 170
jacshuff.500000.640.57.txt	51218668 460406922 0.111247 147
jacshuff.500000.640.58.txt	59805802 474872333 0.125941 157
jacshuff.500000.640.59.txt	54624551 447827841 0.121977 141
jacshuff.500000.640.5.txt	55926634 465312168 0.120192 158
jacshuff.500000.640.60.txt	52295472 465574520 0.112325 165
jacshuff.500000.640.61.txt	53728419 455987732 0.117829 160
jacshuff.500000.640.62.txt	51047626 444198144 0.114921 150
jacshuff.500000.640.63.txt	55097567 462615015 0.1191 152
jacshuff.500000.640.64.txt	47439843 450913206 0.105208 129
jacshuff.500000.640.65.txt	52582242 447356177 0.11754 149
jacshuff.500000.640.66.txt	58770801 468449243 0.125458 158
jacshuff.500000.640.67.txt	52380545 450784905 0.116199 142
jacshuff.500000.640.68.txt	54799971 440560900 0.124387 144
jacshuff.500000.640.69.txt	55954343 442372442 0.126487 162
jacshuff.500000.640.6.txt	49121211 442406967 0.111032 131
jacshuff.500000.640.70.txt	51570906 448661446 0.114944 137
jacshuff.500000.640.71.txt	56120272 469170760 0.119616 168
jacshuff.500000.640.72.txt	51403638 440032916 0.116818 136
jacshuff.500000.640.73.txt	50747591 463105414 0.109581 149
jacshuff.500000.640.74.txt	57327712 437820905 0.130939 161
jacshuff.500000.640.75.txt	45209841 452956044 0.0998107 141
jacshuff.500000.640.76.txt	54221562 459248116 0.118066 159
jacshuff.500000.640.77.txt	54090555 445545371 0.121403 143
jacshuff.500000.640.78.txt	56772843 444062197 0.127849 153
jacshuff.500000.640.79.txt	57672709 437974640 0.13168 152
jacshuff.500000.640.7.txt	53114727 461640806 0.115056 163
jacshuff.500000.640.80.txt	47962876 458019468 0.104718 153
jacshuff.500000.640.81.txt	50109271 452874909 0.110647 149
jacshuff.500000.640.82.txt	48701093 449439045 0.10836 135
jacshuff.500000.640.83.txt	53760641 453102517 0.11865 151
jacshuff.500000.640.84.txt	52220024 439858058 0.11872 139
jacshuff.500000.640.85.txt	49940140 454113125 0.109973 136
jacshuff.500000.640.86.txt	54209961 461379522 0.117495 133
jacshuff.500000.640.87.txt	55707130 457958950 0.121642 136
jacshuff.500000.640.88.txt	52704063 467250458 0.112796 135
jacshuff.500000.640.89.txt	53646597 459629825 0.116717 154
jacshuff.500000.640.8.txt	54355362 447583612 0.121442 143
jacshuff.500000.640.90.txt	51855060 450245222 0.115171 148
jacshuff.500000.640.91.txt	50143802 461262948 0.10871 135
jacshuff.500000.640.92.txt	46383877 441799295 0.104989 155
jacshuff.500000.640.93.txt	46486431 441448815 0.105304 127
jacshuff.500000.640.94.txt	63302110 445480365 0.142099 170
jacshuff.500000.640.95.txt	53096163 441871494 0.120162 151
jacshuff.500000.640.96.txt	53830553 447387475 0.120322 157
jacshuff.500000.640.97.txt	48961470 455770959 0.107426 147
jacshuff.500000.640.98.txt	47464777 446474163 0.10631 150
jacshuff.500000.640.99.txt	50448496 451647406 0.111699 150
jacshuff.500000.640.9.txt	53473121 471130320 0.1135 155
