jaccard.10000000.32.100.txt	267793010 284810799 0.940249 24
jaccard.10000000.32.10.txt	297361458 319764308 0.92994 30
jaccard.10000000.32.11.txt	292633801 302882390 0.966163 27
jaccard.10000000.32.12.txt	286742468 299508318 0.957377 26
jaccard.10000000.32.13.txt	289753629 297657391 0.973447 27
jaccard.10000000.32.14.txt	283718229 305885261 0.927532 25
jaccard.10000000.32.15.txt	283675611 296890591 0.955489 26
jaccard.10000000.32.16.txt	281801782 292666047 0.962878 24
jaccard.10000000.32.17.txt	264342353 271947711 0.972034 22
jaccard.10000000.32.18.txt	267824354 276262946 0.969454 24
jaccard.10000000.32.19.txt	273131889 288035915 0.948256 24
jaccard.10000000.32.1.txt	283514206 293198159 0.966971 27
jaccard.10000000.32.20.txt	263873387 274538759 0.961152 23
jaccard.10000000.32.21.txt	255991978 279872119 0.914675 23
jaccard.10000000.32.22.txt	287535207 294111927 0.977639 25
jaccard.10000000.32.23.txt	290237956 301539447 0.962521 27
jaccard.10000000.32.24.txt	255929593 268556087 0.952984 22
jaccard.10000000.32.25.txt	267761491 287104186 0.932628 24
jaccard.10000000.32.26.txt	241621908 258216861 0.935732 23
jaccard.10000000.32.27.txt	262599494 274214460 0.957643 23
jaccard.10000000.32.28.txt	279337247 296765254 0.941273 26
jaccard.10000000.32.29.txt	270524991 282188366 0.958668 23
jaccard.10000000.32.2.txt	281210444 291972594 0.96314 25
jaccard.10000000.32.30.txt	277361261 286211713 0.969077 26
jaccard.10000000.32.31.txt	280672914 294542010 0.952913 26
jaccard.10000000.32.32.txt	270620187 293001594 0.923613 27
jaccard.10000000.32.33.txt	251758120 266011267 0.946419 19
jaccard.10000000.32.34.txt	279465951 300936508 0.928654 29
jaccard.10000000.32.35.txt	293383003 309994353 0.946414 28
jaccard.10000000.32.36.txt	294576398 317737972 0.927105 28
jaccard.10000000.32.37.txt	253921945 273254230 0.929252 24
jaccard.10000000.32.38.txt	289654291 298534361 0.970254 26
jaccard.10000000.32.39.txt	287763354 299698088 0.960178 26
jaccard.10000000.32.3.txt	272208369 290341923 0.937544 23
jaccard.10000000.32.40.txt	248227376 263472949 0.942136 21
jaccard.10000000.32.41.txt	275795394 284193417 0.97045 21
jaccard.10000000.32.42.txt	282652256 292624041 0.965923 26
jaccard.10000000.32.43.txt	274460437 284471284 0.964809 24
jaccard.10000000.32.44.txt	288596600 297038728 0.971579 28
jaccard.10000000.32.45.txt	262307722 272327286 0.963208 22
jaccard.10000000.32.46.txt	261296419 275958208 0.946869 25
jaccard.10000000.32.47.txt	269633753 280385126 0.961655 24
jaccard.10000000.32.48.txt	282422948 306429605 0.921657 26
jaccard.10000000.32.49.txt	236464601 253379787 0.933242 20
jaccard.10000000.32.4.txt	257758683 266468594 0.967314 23
jaccard.10000000.32.50.txt	268519102 277686142 0.966988 23
jaccard.10000000.32.51.txt	270443464 281838530 0.959569 26
jaccard.10000000.32.52.txt	285367873 308593744 0.924736 27
jaccard.10000000.32.53.txt	273406002 283765398 0.963493 24
jaccard.10000000.32.54.txt	279222976 288846987 0.966681 26
jaccard.10000000.32.55.txt	285695831 296278251 0.964282 27
jaccard.10000000.32.56.txt	286838422 306306892 0.936441 27
jaccard.10000000.32.57.txt	274392520 283441722 0.968074 25
jaccard.10000000.32.58.txt	299649003 307887373 0.973242 31
jaccard.10000000.32.59.txt	283593142 292576435 0.969296 24
jaccard.10000000.32.5.txt	279241633 304342370 0.917525 28
jaccard.10000000.32.60.txt	295214224 306858334 0.962054 28
jaccard.10000000.32.61.txt	254381119 268181616 0.948541 24
jaccard.10000000.32.62.txt	278241096 289262076 0.9619 26
jaccard.10000000.32.63.txt	271891137 282707248 0.961741 24
jaccard.10000000.32.64.txt	280200591 290259959 0.965344 26
jaccard.10000000.32.65.txt	293605916 314013754 0.93501 29
jaccard.10000000.32.66.txt	281354495 294252414 0.956167 25
jaccard.10000000.32.67.txt	265946472 277795326 0.957347 24
jaccard.10000000.32.68.txt	277105820 296605029 0.934259 25
jaccard.10000000.32.69.txt	287935275 313463306 0.918561 29
jaccard.10000000.32.6.txt	284342316 293373613 0.969216 23
jaccard.10000000.32.70.txt	284723772 296972219 0.958756 27
jaccard.10000000.32.71.txt	265140046 277017704 0.957123 26
jaccard.10000000.32.72.txt	251266667 264252445 0.950858 21
jaccard.10000000.32.73.txt	263742098 287561839 0.917167 26
jaccard.10000000.32.74.txt	265048598 285288724 0.929054 23
jaccard.10000000.32.75.txt	283158233 300402532 0.942596 28
jaccard.10000000.32.76.txt	274840366 292997415 0.93803 26
jaccard.10000000.32.77.txt	270554998 287330961 0.941615 25
jaccard.10000000.32.78.txt	270662844 282538660 0.957968 24
jaccard.10000000.32.79.txt	269495406 280487603 0.96081 25
jaccard.10000000.32.7.txt	298393805 310107654 0.962227 28
jaccard.10000000.32.80.txt	282009054 303685945 0.928621 27
jaccard.10000000.32.81.txt	263579768 270812089 0.973294 23
jaccard.10000000.32.82.txt	268587160 281703408 0.953439 26
jaccard.10000000.32.83.txt	276066655 292600626 0.943493 25
jaccard.10000000.32.84.txt	287913461 310308757 0.927829 28
jaccard.10000000.32.85.txt	285167655 296325725 0.962345 24
jaccard.10000000.32.86.txt	272785404 286271316 0.952891 25
jaccard.10000000.32.87.txt	290378390 301130082 0.964296 26
jaccard.10000000.32.88.txt	280681897 300521068 0.933984 26
jaccard.10000000.32.89.txt	291438618 302611395 0.963079 26
jaccard.10000000.32.8.txt	273746030 299515924 0.913961 26
jaccard.10000000.32.90.txt	273471260 289728846 0.943887 26
jaccard.10000000.32.91.txt	276654281 288842525 0.957803 28
jaccard.10000000.32.92.txt	262839341 272228721 0.965509 21
jaccard.10000000.32.93.txt	282763435 296360325 0.95412 25
jaccard.10000000.32.94.txt	286788206 299713205 0.956875 24
jaccard.10000000.32.95.txt	287697179 298107740 0.965078 27
jaccard.10000000.32.96.txt	241990442 249981089 0.968035 21
jaccard.10000000.32.97.txt	285228678 295101912 0.966543 25
jaccard.10000000.32.98.txt	299507939 315234661 0.950111 29
jaccard.10000000.32.99.txt	297598239 307633887 0.967378 27
jaccard.10000000.32.9.txt	279892763 289503548 0.966803 26
jaccard.1000000.320.100.txt	240456988 317186798 0.758093 231
jaccard.1000000.320.10.txt	240169782 322848500 0.743909 233
jaccard.1000000.320.11.txt	246235083 317905562 0.774554 234
jaccard.1000000.320.12.txt	241346787 328241358 0.735272 237
jaccard.1000000.320.13.txt	249312575 319851730 0.779463 234
jaccard.1000000.320.14.txt	245607114 312343054 0.786338 229
jaccard.1000000.320.15.txt	239950693 308232446 0.778473 224
jaccard.1000000.320.16.txt	243306999 309485820 0.786165 231
jaccard.1000000.320.17.txt	234779884 320574535 0.732372 225
jaccard.1000000.320.18.txt	240945442 311236992 0.774154 219
jaccard.1000000.320.19.txt	237135593 317066663 0.747905 225
jaccard.1000000.320.1.txt	246992250 316832274 0.779568 230
jaccard.1000000.320.20.txt	246008798 313720147 0.784166 234
jaccard.1000000.320.21.txt	245534542 325196007 0.755036 243
jaccard.1000000.320.22.txt	240185983 319695271 0.751297 227
jaccard.1000000.320.23.txt	242350303 322620451 0.751193 233
jaccard.1000000.320.24.txt	233377266 308998748 0.755269 224
jaccard.1000000.320.25.txt	243338640 317567404 0.766258 230
jaccard.1000000.320.26.txt	238821049 312142895 0.765102 225
jaccard.1000000.320.27.txt	241557587 307006023 0.786817 219
jaccard.1000000.320.28.txt	233792344 300794368 0.77725 227
jaccard.1000000.320.29.txt	244984872 313551563 0.781322 235
jaccard.1000000.320.2.txt	231368828 305303444 0.757832 213
jaccard.1000000.320.30.txt	248457609 324203678 0.766363 226
jaccard.1000000.320.31.txt	246903571 322712562 0.765088 241
jaccard.1000000.320.32.txt	240649231 319228579 0.753846 234
jaccard.1000000.320.33.txt	245932218 303734737 0.809694 221
jaccard.1000000.320.34.txt	245559589 327243184 0.750389 229
jaccard.1000000.320.35.txt	250287934 312596727 0.800674 239
jaccard.1000000.320.36.txt	243854304 327749955 0.744025 238
jaccard.1000000.320.37.txt	238641509 306949880 0.777461 231
jaccard.1000000.320.38.txt	240173875 324470738 0.740202 234
jaccard.1000000.320.39.txt	236368178 308632542 0.765856 228
jaccard.1000000.320.3.txt	236082233 318968990 0.740142 221
jaccard.1000000.320.40.txt	237129845 304094669 0.77979 221
jaccard.1000000.320.41.txt	243296582 312878098 0.777608 227
jaccard.1000000.320.42.txt	243264294 307597229 0.790853 223
jaccard.1000000.320.43.txt	239336562 312239940 0.766515 227
jaccard.1000000.320.44.txt	241714094 312175250 0.77429 231
jaccard.1000000.320.45.txt	229038875 307202482 0.745563 219
jaccard.1000000.320.46.txt	238488792 313416845 0.760932 222
jaccard.1000000.320.47.txt	250028760 327065866 0.76446 238
jaccard.1000000.320.48.txt	247502685 329953355 0.750114 239
jaccard.1000000.320.49.txt	233801820 314371768 0.743711 215
jaccard.1000000.320.4.txt	241123911 306630473 0.786366 228
jaccard.1000000.320.50.txt	245126227 324952870 0.754344 234
jaccard.1000000.320.51.txt	252576205 327981392 0.770093 249
jaccard.1000000.320.52.txt	237383411 311801428 0.761329 223
jaccard.1000000.320.53.txt	242039082 313361564 0.772396 230
jaccard.1000000.320.54.txt	239746325 316640591 0.757156 225
jaccard.1000000.320.55.txt	241714046 317072512 0.762331 233
jaccard.1000000.320.56.txt	247273671 317667190 0.778405 237
jaccard.1000000.320.57.txt	255910497 328546614 0.778917 238
jaccard.1000000.320.58.txt	236685706 313984751 0.753813 231
jaccard.1000000.320.59.txt	250860202 326952635 0.767268 240
jaccard.1000000.320.5.txt	249552322 321872407 0.775314 238
jaccard.1000000.320.60.txt	255363756 324708212 0.786441 253
jaccard.1000000.320.61.txt	239686458 307419048 0.779673 220
jaccard.1000000.320.62.txt	241114668 311164419 0.774879 234
jaccard.1000000.320.63.txt	248062128 315130650 0.787172 230
jaccard.1000000.320.64.txt	238780972 314113369 0.760175 242
jaccard.1000000.320.65.txt	238861823 311342441 0.7672 225
jaccard.1000000.320.66.txt	243648751 308498868 0.789788 224
jaccard.1000000.320.67.txt	248457738 312885418 0.794085 236
jaccard.1000000.320.68.txt	246928233 327959140 0.752924 238
jaccard.1000000.320.69.txt	249220169 318069851 0.783539 237
jaccard.1000000.320.6.txt	235006969 308789569 0.761059 224
jaccard.1000000.320.70.txt	251233587 342092545 0.734402 247
jaccard.1000000.320.71.txt	247298501 319772800 0.773357 235
jaccard.1000000.320.72.txt	236846680 307781219 0.769529 226
jaccard.1000000.320.73.txt	234591476 302016903 0.776749 223
jaccard.1000000.320.74.txt	240729599 310358367 0.77565 228
jaccard.1000000.320.75.txt	246656635 319654946 0.771634 232
jaccard.1000000.320.76.txt	250764619 326167282 0.768822 239
jaccard.1000000.320.77.txt	245600112 305402279 0.804186 232
jaccard.1000000.320.78.txt	230375743 308949559 0.745674 217
jaccard.1000000.320.79.txt	246405527 318902922 0.772666 237
jaccard.1000000.320.7.txt	247550665 326196597 0.7589 241
jaccard.1000000.320.80.txt	232500726 310909955 0.747807 224
jaccard.1000000.320.81.txt	239438715 311599462 0.768418 226
jaccard.1000000.320.82.txt	240293282 314160230 0.764875 227
jaccard.1000000.320.83.txt	243576542 306907274 0.793649 231
jaccard.1000000.320.84.txt	248266676 324240372 0.765687 236
jaccard.1000000.320.85.txt	241928965 314639906 0.768907 230
jaccard.1000000.320.86.txt	246902874 312464142 0.79018 229
jaccard.1000000.320.87.txt	243423690 312222761 0.779648 235
jaccard.1000000.320.88.txt	242720271 308366507 0.787116 233
jaccard.1000000.320.89.txt	239828319 315660654 0.759766 232
jaccard.1000000.320.8.txt	233015389 312516560 0.74561 224
jaccard.1000000.320.90.txt	237558830 312909945 0.759192 221
jaccard.1000000.320.91.txt	240289598 311872822 0.770473 223
jaccard.1000000.320.92.txt	241648981 318650933 0.75835 238
jaccard.1000000.320.93.txt	245272084 313692285 0.781888 235
jaccard.1000000.320.94.txt	244127301 323651983 0.75429 235
jaccard.1000000.320.95.txt	244041074 318363371 0.766549 231
jaccard.1000000.320.96.txt	243476077 315061770 0.772788 238
jaccard.1000000.320.97.txt	243384144 307113123 0.79249 231
jaccard.1000000.320.98.txt	236686731 314161557 0.753392 229
jaccard.1000000.320.99.txt	241933917 312862292 0.773292 226
jaccard.1000000.320.9.txt	243533057 319072782 0.763252 229
jaccard.2000000.160.100.txt	258030048 290641410 0.887795 115
jaccard.2000000.160.10.txt	275367914 313470342 0.87845 128
jaccard.2000000.160.11.txt	271827140 312972771 0.868533 128
jaccard.2000000.160.12.txt	265974058 303341545 0.876814 123
jaccard.2000000.160.13.txt	260019943 295477139 0.88 111
jaccard.2000000.160.14.txt	267099605 307583315 0.868381 124
jaccard.2000000.160.15.txt	263262181 299981840 0.877594 117
jaccard.2000000.160.16.txt	263354667 302019018 0.87198 125
jaccard.2000000.160.17.txt	271373509 305847277 0.887284 127
jaccard.2000000.160.18.txt	269462852 302506452 0.890767 125
jaccard.2000000.160.19.txt	270845569 310144705 0.873288 127
jaccard.2000000.160.1.txt	263137252 297218585 0.885332 119
jaccard.2000000.160.20.txt	251737582 287418974 0.875856 108
jaccard.2000000.160.21.txt	255951766 292845974 0.874015 118
jaccard.2000000.160.22.txt	257460319 295879124 0.870154 119
jaccard.2000000.160.23.txt	266435254 304717472 0.874368 128
jaccard.2000000.160.24.txt	264282237 300714842 0.878847 120
jaccard.2000000.160.25.txt	263189525 302010841 0.871457 119
jaccard.2000000.160.26.txt	267912393 304925304 0.878616 122
jaccard.2000000.160.27.txt	261038654 292383885 0.892794 120
jaccard.2000000.160.28.txt	262239498 300896785 0.871526 122
jaccard.2000000.160.29.txt	266382039 306205638 0.869945 123
jaccard.2000000.160.2.txt	269249598 305690560 0.880791 118
jaccard.2000000.160.30.txt	260393329 304813313 0.854272 113
jaccard.2000000.160.31.txt	260918255 293536876 0.888877 117
jaccard.2000000.160.32.txt	265197314 305712686 0.867472 119
jaccard.2000000.160.33.txt	261291055 296715825 0.88061 125
jaccard.2000000.160.34.txt	257803182 293320455 0.878913 111
jaccard.2000000.160.35.txt	270273680 303827409 0.889563 124
jaccard.2000000.160.36.txt	264889970 303907313 0.871614 117
jaccard.2000000.160.37.txt	260331660 300274248 0.86698 118
jaccard.2000000.160.38.txt	252397099 292622869 0.862534 119
jaccard.2000000.160.39.txt	263780647 293256228 0.899489 122
jaccard.2000000.160.3.txt	261481510 304014287 0.860096 118
jaccard.2000000.160.40.txt	274662416 323300110 0.849559 133
jaccard.2000000.160.41.txt	264859975 308381333 0.858872 120
jaccard.2000000.160.42.txt	264725454 306671716 0.863221 125
jaccard.2000000.160.43.txt	264285785 310041308 0.852421 122
jaccard.2000000.160.44.txt	264180783 301172469 0.877174 128
jaccard.2000000.160.45.txt	247743981 285427100 0.867976 113
jaccard.2000000.160.46.txt	275366981 304446512 0.904484 122
jaccard.2000000.160.47.txt	259121471 296656562 0.873473 116
jaccard.2000000.160.48.txt	276065222 322690653 0.85551 133
jaccard.2000000.160.49.txt	250283421 290265022 0.862258 116
jaccard.2000000.160.4.txt	266787583 299506913 0.890756 128
jaccard.2000000.160.50.txt	254776658 299859468 0.849654 121
jaccard.2000000.160.51.txt	262210404 293007176 0.894894 118
jaccard.2000000.160.52.txt	252111293 289421065 0.871088 110
jaccard.2000000.160.53.txt	250913723 301103393 0.833314 115
jaccard.2000000.160.54.txt	256601384 307550210 0.83434 119
jaccard.2000000.160.55.txt	264767679 303446852 0.872534 121
jaccard.2000000.160.56.txt	252274957 299284900 0.842926 118
jaccard.2000000.160.57.txt	254330570 299275611 0.849821 123
jaccard.2000000.160.58.txt	258675254 303528372 0.852228 119
jaccard.2000000.160.59.txt	271722565 305617866 0.889093 125
jaccard.2000000.160.5.txt	272898231 314503861 0.86771 127
jaccard.2000000.160.60.txt	268702529 308337655 0.871455 125
jaccard.2000000.160.61.txt	268706235 307492088 0.873864 126
jaccard.2000000.160.62.txt	276215682 326207079 0.84675 130
jaccard.2000000.160.63.txt	263881723 303677168 0.868955 126
jaccard.2000000.160.64.txt	264325897 309038185 0.855318 126
jaccard.2000000.160.65.txt	265400160 308384277 0.860615 120
jaccard.2000000.160.66.txt	255525905 283842046 0.90024 113
jaccard.2000000.160.67.txt	253763699 294978093 0.86028 118
jaccard.2000000.160.68.txt	264060599 301162087 0.876806 123
jaccard.2000000.160.69.txt	259776022 299910450 0.866179 127
jaccard.2000000.160.6.txt	270122479 308239991 0.876338 122
jaccard.2000000.160.70.txt	264122383 300942584 0.87765 128
jaccard.2000000.160.71.txt	264534450 313039398 0.845052 124
jaccard.2000000.160.72.txt	250573870 290354916 0.862992 113
jaccard.2000000.160.73.txt	257319591 293644283 0.876297 119
jaccard.2000000.160.74.txt	251860732 287566213 0.875836 114
jaccard.2000000.160.75.txt	266032674 307239348 0.865881 122
jaccard.2000000.160.76.txt	259337034 301365385 0.86054 113
jaccard.2000000.160.77.txt	257569272 309330366 0.832667 122
jaccard.2000000.160.78.txt	257381617 303910821 0.846898 119
jaccard.2000000.160.79.txt	256305558 293170380 0.874255 118
jaccard.2000000.160.7.txt	252064434 288569914 0.873495 114
jaccard.2000000.160.80.txt	259703050 298675321 0.869516 116
jaccard.2000000.160.81.txt	250737076 295059266 0.849785 116
jaccard.2000000.160.82.txt	261164582 293603928 0.889513 123
jaccard.2000000.160.83.txt	260709273 296324139 0.879811 111
jaccard.2000000.160.84.txt	254182107 306309861 0.82982 121
jaccard.2000000.160.85.txt	276183080 309807359 0.891467 132
jaccard.2000000.160.86.txt	262791765 309814785 0.848222 119
jaccard.2000000.160.87.txt	266279366 299317016 0.889623 116
jaccard.2000000.160.88.txt	254176584 304519715 0.83468 112
jaccard.2000000.160.89.txt	258507058 312908908 0.826142 121
jaccard.2000000.160.8.txt	273178922 310162293 0.880761 125
jaccard.2000000.160.90.txt	254553097 291610719 0.872921 119
jaccard.2000000.160.91.txt	265195955 307505646 0.86241 117
jaccard.2000000.160.92.txt	268769111 307399856 0.874331 127
jaccard.2000000.160.93.txt	275699202 314575804 0.876416 126
jaccard.2000000.160.94.txt	253868674 297501125 0.853337 113
jaccard.2000000.160.95.txt	274085365 313163382 0.875215 130
jaccard.2000000.160.96.txt	263268284 290120450 0.907445 114
jaccard.2000000.160.97.txt	272943658 316175737 0.863266 124
jaccard.2000000.160.98.txt	270274781 307186531 0.879839 126
jaccard.2000000.160.99.txt	265765607 302135592 0.879624 122
jaccard.2000000.160.9.txt	264199635 297213129 0.888923 116
jaccard.500000.640.100.txt	203262580 347665189 0.58465 391
jaccard.500000.640.10.txt	199380965 328968639 0.606079 374
jaccard.500000.640.11.txt	206391105 332123627 0.621429 384
jaccard.500000.640.12.txt	200965907 328178837 0.612367 381
jaccard.500000.640.13.txt	198592306 331761672 0.598599 389
jaccard.500000.640.14.txt	196843606 324486852 0.60663 369
jaccard.500000.640.15.txt	184659771 322511613 0.572568 367
jaccard.500000.640.16.txt	204810335 337459067 0.606919 384
jaccard.500000.640.17.txt	201043716 328176715 0.612608 388
jaccard.500000.640.18.txt	197161389 321245350 0.613741 380
jaccard.500000.640.19.txt	201067037 331865127 0.60587 384
jaccard.500000.640.1.txt	200289619 331437030 0.604307 392
jaccard.500000.640.20.txt	195566262 328563506 0.595216 390
jaccard.500000.640.21.txt	209564180 339031523 0.618126 412
jaccard.500000.640.22.txt	206796582 328678314 0.629176 381
jaccard.500000.640.23.txt	193060899 317783455 0.607523 359
jaccard.500000.640.24.txt	200045948 347097022 0.57634 381
jaccard.500000.640.25.txt	204070081 332571969 0.613612 383
jaccard.500000.640.26.txt	190044796 316049047 0.601314 356
jaccard.500000.640.27.txt	193847695 320672056 0.604504 379
jaccard.500000.640.28.txt	203277326 327686681 0.620341 388
jaccard.500000.640.29.txt	201700617 331829524 0.607844 385
jaccard.500000.640.2.txt	202084103 328030731 0.616052 392
jaccard.500000.640.30.txt	200021271 332404940 0.60174 384
jaccard.500000.640.31.txt	200437757 324795986 0.617119 380
jaccard.500000.640.32.txt	200535988 324952149 0.617125 377
jaccard.500000.640.33.txt	208186857 336038238 0.619533 401
jaccard.500000.640.34.txt	192681162 333627154 0.577534 369
jaccard.500000.640.35.txt	197414917 336292623 0.587033 372
jaccard.500000.640.36.txt	196601935 322239548 0.610111 378
jaccard.500000.640.37.txt	198913495 330577089 0.601716 378
jaccard.500000.640.38.txt	193107436 330367944 0.584522 374
jaccard.500000.640.39.txt	202085979 338206797 0.597522 399
jaccard.500000.640.3.txt	194378623 324394766 0.599204 371
jaccard.500000.640.40.txt	198613335 327567976 0.606327 381
jaccard.500000.640.41.txt	194540014 322763334 0.602733 375
jaccard.500000.640.42.txt	201276533 333599141 0.603348 388
jaccard.500000.640.43.txt	191661413 320629905 0.597765 368
jaccard.500000.640.44.txt	201504469 324327355 0.6213 373
jaccard.500000.640.45.txt	204020773 330583506 0.617153 386
jaccard.500000.640.46.txt	195588512 322171773 0.607094 368
jaccard.500000.640.47.txt	200363979 338066808 0.592676 391
jaccard.500000.640.48.txt	197113453 327958146 0.601032 388
jaccard.500000.640.49.txt	196962715 331017055 0.595023 380
jaccard.500000.640.4.txt	207654401 336940971 0.616293 413
jaccard.500000.640.50.txt	191702116 324460652 0.590833 359
jaccard.500000.640.51.txt	200082166 325071448 0.615502 384
jaccard.500000.640.52.txt	203516251 332046615 0.612915 389
jaccard.500000.640.53.txt	194720184 331289393 0.587765 380
jaccard.500000.640.54.txt	188221596 323762248 0.581357 371
jaccard.500000.640.55.txt	205000560 333314667 0.615036 390
jaccard.500000.640.56.txt	199218626 337088271 0.590998 378
jaccard.500000.640.57.txt	199598875 333908940 0.597764 375
jaccard.500000.640.58.txt	213088331 340182233 0.626395 406
jaccard.500000.640.59.txt	195143988 330328989 0.590756 358
jaccard.500000.640.5.txt	206906460 341457886 0.60595 409
jaccard.500000.640.60.txt	210214118 339346390 0.619468 404
jaccard.500000.640.61.txt	200875430 333257263 0.602764 390
jaccard.500000.640.62.txt	195410449 324816136 0.601603 374
jaccard.500000.640.63.txt	209753418 328260289 0.638985 392
jaccard.500000.640.64.txt	196840376 329099268 0.598119 374
jaccard.500000.640.65.txt	200191150 324516791 0.61689 372
jaccard.500000.640.66.txt	211152851 348817370 0.605339 398
jaccard.500000.640.67.txt	205121834 329714992 0.622119 399
jaccard.500000.640.68.txt	200977787 324941253 0.618505 377
jaccard.500000.640.69.txt	201351973 332874688 0.604888 377
jaccard.500000.640.6.txt	194644142 320486559 0.60734 377
jaccard.500000.640.70.txt	199932198 324540049 0.616048 380
jaccard.500000.640.71.txt	205887066 342916342 0.6004 387
jaccard.500000.640.72.txt	200489868 326728969 0.613627 377
jaccard.500000.640.73.txt	201069753 345331221 0.582252 405
jaccard.500000.640.74.txt	196530560 325950661 0.602946 399
jaccard.500000.640.75.txt	197017334 318395697 0.618781 366
jaccard.500000.640.76.txt	202560376 334616158 0.605351 399
jaccard.500000.640.77.txt	192940545 327223845 0.589629 376
jaccard.500000.640.78.txt	193977145 329100906 0.589415 382
jaccard.500000.640.79.txt	189690613 325974575 0.581918 345
jaccard.500000.640.7.txt	205995910 331808543 0.620828 386
jaccard.500000.640.80.txt	194231705 329804632 0.58893 387
jaccard.500000.640.81.txt	194576724 332930697 0.584436 392
jaccard.500000.640.82.txt	195763437 325188929 0.601999 378
jaccard.500000.640.83.txt	200287936 328426069 0.609842 377
jaccard.500000.640.84.txt	192733596 316557231 0.608843 372
jaccard.500000.640.85.txt	204326235 328766357 0.621494 383
jaccard.500000.640.86.txt	203903478 338108971 0.60307 379
jaccard.500000.640.87.txt	203628063 337600461 0.603163 389
jaccard.500000.640.88.txt	204515554 341430377 0.598996 387
jaccard.500000.640.89.txt	205663860 330989656 0.62136 391
jaccard.500000.640.8.txt	197187719 324221638 0.608188 371
jaccard.500000.640.90.txt	195557489 328080506 0.596066 372
jaccard.500000.640.91.txt	200083934 338319100 0.591406 380
jaccard.500000.640.92.txt	192655777 319418289 0.603146 370
jaccard.500000.640.93.txt	189838020 321088970 0.591232 355
jaccard.500000.640.94.txt	198898332 331887276 0.599295 389
jaccard.500000.640.95.txt	198043987 329593372 0.600874 380
jaccard.500000.640.96.txt	196384101 334181156 0.587658 369
jaccard.500000.640.97.txt	195835653 329577306 0.594202 375
jaccard.500000.640.98.txt	191690127 321783741 0.595711 371
jaccard.500000.640.99.txt	197137984 332153818 0.593514 388
jaccard.500000.640.9.txt	214393729 345365418 0.620774 412
