327.797
214.22
257.038
132.213
172.609
177.013
373.433
460.409
287.118
420.703
173.3
244.252
446.205
412.478
604.63
259.351
556.29
292.465
483.879
586.274
403.338
571.204
196.049
338.131
289.918
217.068
420.956
375.241
450.278
215.241
464.531
177.615
191.723
278.213
240.13
576.804
588.413
340.571
449.948
200.454
187.241
304.813
538.577
403.651
320.057
335.944
444.756
322.449
294.526
587.217
172.23
332.658
467.992
201.805
110.172
598.417
185.792
725.021
337.519
249.629
236.067
631.327
263.659
211.119
434.47
332.075
343.119
515.233
377.963
406.625
374.677
253.829
465.931
217.584
340.066
334.262
286.943
297.609
245.507
347.241
227.102
