279.36
424.825
294.653
275.256
312.174
366.733
312.27
326.727
185.889
356.38
276.62
286.408
256.143
280.76
258.282
270.299
303.335
298.775
256.767
325.609
246.547
431.669
412.556
208.096
363.176
188.407
292.417
331.005
252.76
493.776
274.644
299.874
328.35
283.675
244.155
270.551
488.74
234.385
358.111
551.585
335.992
175.45
213.384
262.374
471.609
405.381
286.943
199.191
237.329
381.094
262.277
239.673
369.311
464.687
285.699
405.838
275.491
218.45
221.502
384.915
257.933
357.672
240.82
382.873
407.52
241.259
212.441
555.143
303.617
267.313
393.364
267.469
241.259
282.22
265.33
301.07
342.049
262.59
313.466
403.387
305.474
