285.562
248.559
406.402
288.8
404.768
362.389
367.454
290.23
268.19
222.98
300
472.162
294.448
469.314
260.246
374.443
286.847
223.641
319.601
242.707
264.26
300.817
291.979
425.594
263.443
246.108
285.086
223.671
290.278
282.881
365.315
333.649
239.847
273.003
275.022
238.05
262.248
197.768
319.601
256.551
341.749
291.882
329.887
274.235
247.742
201.746
314.505
309.266
322.75
403.086
382.368
255.95
358.441
211.438
603.609
344.957
309.373
373.619
286.75
293.739
293.379
378.595
256.328
204.167
342.915
328.536
210.837
302.897
274.205
218.45
288.752
247.683
226.375
450.122
182.71
310.996
248.872
367.346
317.822
260.168
247.616
